10 3.06 5.00 3.00 3.00 3.00 3.00 10.05
20 28.86 38.00 27.00 28.00 28.00 29.00 7.61
30 98.27 121.00 92.00 94.00 96.00 100.00 5.72
40 231.80 402.00 217.00 224.00 227.00 232.00 10.79
50 445.43 523.00 428.00 437.00 441.00 448.00 3.53
60 770.98 807.00 757.00 761.00 768.00 777.00 1.47
70 1249.88 3039.00 1180.00 1202.00 1210.00 1222.00 20.30
80 1795.73 1884.00 1765.00 1777.00 1789.00 1800.00 1.41
90 2605.12 2742.00 2561.00 2579.00 2596.00 2615.00 1.48
100 3653.63 7423.00 3490.00 3531.00 3557.00 3578.00 15.05
