10 3.47 4.00 3.00 3.00 3.00 4.00 14.38
20 30.33 40.00 28.00 29.00 30.00 31.00 7.91
30 100.57 146.00 94.00 96.00 98.00 103.00 7.79
40 233.71 254.00 225.00 229.00 231.00 238.00 2.67
50 491.73 2414.00 440.00 444.00 448.00 458.00 55.44
60 814.00 2191.00 764.00 771.00 781.00 797.00 24.09
70 1231.84 1272.00 1209.00 1219.00 1232.00 1240.00 1.14
80 1927.14 4438.00 1814.00 1830.00 1840.00 1854.00 22.02
90 2621.04 2821.00 2551.00 2595.00 2613.00 2626.00 1.67
100 3639.12 6415.00 3517.00 3557.00 3572.00 3589.00 10.89
