10 3.73 5.00 3.00 3.00 4.00 4.00 17.35
20 29.27 30.00 29.00 29.00 29.00 30.00 1.60
30 99.36 107.00 96.00 97.00 97.00 104.00 3.98
40 237.73 258.00 229.00 229.00 238.00 244.00 3.88
50 461.64 531.00 445.00 450.00 456.00 461.00 5.18
60 792.09 833.00 771.00 777.00 788.00 804.00 2.34
70 1241.73 1271.00 1222.00 1234.00 1239.00 1249.00 1.18
80 1848.18 1881.00 1819.00 1833.00 1837.00 1869.00 1.11
90 2630.36 2687.00 2599.00 2613.00 2629.00 2636.00 0.97
100 3594.18 3668.00 3549.00 3561.00 3592.00 3609.00 1.07
