10 3.36 7.00 3.00 3.00 3.00 3.00 35.86
20 27.82 29.00 27.00 27.00 28.00 28.00 2.70
30 95.55 99.00 93.00 94.00 94.00 98.00 2.36
40 228.55 247.00 223.00 224.00 226.00 231.00 3.09
50 445.09 464.00 435.00 437.00 443.00 453.00 2.15
60 773.36 795.00 759.00 763.00 770.00 784.00 1.60
70 1224.36 1260.00 1202.00 1212.00 1218.00 1240.00 1.47
80 1790.00 1818.00 1768.00 1780.00 1791.00 1801.00 0.83
90 2601.82 2641.00 2570.00 2583.00 2587.00 2620.00 0.94
100 3559.00 3645.00 3512.00 3532.00 3552.00 3574.00 1.02
