500 1.00 1.00 1.00 1.00 1.00 1.00 0.00
1000 2.91 3.00 2.00 3.00 3.00 3.00 10.36
1500 4.00 4.00 4.00 4.00 4.00 4.00 0.00
2000 5.55 6.00 5.00 5.00 6.00 6.00 9.42
2500 7.00 7.00 7.00 7.00 7.00 7.00 0.00
3000 8.36 9.00 8.00 8.00 8.00 9.00 6.03
3500 10.00 10.00 10.00 10.00 10.00 10.00 0.00
4000 11.64 13.00 11.00 11.00 12.00 12.00 5.79
4500 13.18 14.00 13.00 13.00 13.00 13.00 3.07
5000 15.73 23.00 14.00 15.00 15.00 15.00 15.60
5500 17.27 23.00 16.00 16.00 17.00 17.00 12.17
6000 17.91 24.00 17.00 17.00 17.00 18.00 11.57
6500 19.00 19.00 19.00 19.00 19.00 19.00 0.00
7000 20.55 21.00 20.00 20.00 21.00 21.00 2.54
7500 22.64 24.00 22.00 22.00 23.00 23.00 2.98
8000 25.27 37.00 23.00 23.00 24.00 25.00 15.74
8500 25.27 27.00 24.00 25.00 25.00 26.00 3.11
9000 26.18 27.00 26.00 26.00 26.00 26.00 1.55
9500 28.09 32.00 27.00 27.00 28.00 28.00 5.15
10000 30.00 32.00 29.00 29.00 30.00 30.00 2.98
