500 0.00 0.00 0.00 0.00 0.00 0.00 0.00
1000 0.18 1.00 0.00 0.00 0.00 0.00 222.49
1500 1.00 1.00 1.00 1.00 1.00 1.00 0.00
2000 1.09 2.00 1.00 1.00 1.00 1.00 27.64
2500 1.00 1.00 1.00 1.00 1.00 1.00 0.00
3000 1.91 2.00 1.00 2.00 2.00 2.00 15.79
3500 2.00 2.00 2.00 2.00 2.00 2.00 0.00
4000 2.00 2.00 2.00 2.00 2.00 2.00 0.00
4500 2.73 3.00 2.00 2.00 3.00 3.00 17.13
5000 3.00 3.00 3.00 3.00 3.00 3.00 0.00
5500 3.00 3.00 3.00 3.00 3.00 3.00 0.00
6000 3.45 4.00 3.00 3.00 3.00 4.00 15.12
6500 4.00 4.00 4.00 4.00 4.00 4.00 0.00
7000 4.00 4.00 4.00 4.00 4.00 4.00 0.00
7500 4.64 5.00 4.00 4.00 5.00 5.00 10.88
8000 5.00 5.00 5.00 5.00 5.00 5.00 0.00
8500 5.09 6.00 5.00 5.00 5.00 5.00 5.92
9000 5.55 6.00 5.00 5.00 6.00 6.00 9.42
9500 6.27 9.00 6.00 6.00 6.00 6.00 14.42
10000 6.09 7.00 6.00 6.00 6.00 6.00 4.95
