500 1.18 3.00 1.00 1.00 1.00 1.00 51.02
1000 2.00 2.00 2.00 2.00 2.00 2.00 0.00
1500 3.18 4.00 3.00 3.00 3.00 3.00 12.71
2000 4.09 5.00 4.00 4.00 4.00 4.00 7.37
2500 5.27 6.00 5.00 5.00 5.00 6.00 8.86
3000 6.27 7.00 6.00 6.00 6.00 7.00 7.45
3500 8.00 8.00 8.00 8.00 8.00 8.00 0.00
4000 9.18 10.00 9.00 9.00 9.00 9.00 4.41
4500 10.00 10.00 10.00 10.00 10.00 10.00 0.00
5000 11.55 12.00 11.00 11.00 12.00 12.00 4.52
5500 12.55 13.00 12.00 12.00 13.00 13.00 4.16
6000 14.82 21.00 13.00 13.00 14.00 15.00 18.06
6500 14.91 19.00 14.00 14.00 15.00 15.00 9.70
7000 16.73 24.00 16.00 16.00 16.00 16.00 14.42
7500 17.36 19.00 17.00 17.00 17.00 18.00 3.88
8000 18.27 20.00 18.00 18.00 18.00 18.00 3.54
8500 19.36 20.00 19.00 19.00 19.00 20.00 2.61
9000 21.64 25.00 20.00 21.00 21.00 22.00 6.62
9500 21.55 23.00 21.00 21.00 21.00 22.00 3.19
10000 23.55 27.00 22.00 23.00 23.00 24.00 6.68
