500 1.00 1.00 1.00 1.00 1.00 1.00 0.00
1000 3.00 3.00 3.00 3.00 3.00 3.00 0.00
1500 4.00 4.00 4.00 4.00 4.00 4.00 0.00
2000 5.73 6.00 5.00 5.00 6.00 6.00 8.16
2500 7.27 8.00 7.00 7.00 7.00 8.00 6.42
3000 8.73 9.00 8.00 8.00 9.00 9.00 5.35
3500 10.18 11.00 10.00 10.00 10.00 10.00 3.97
4000 11.73 12.00 11.00 11.00 12.00 12.00 3.98
4500 13.36 14.00 13.00 13.00 13.00 14.00 3.78
5000 14.82 17.00 14.00 14.00 15.00 15.00 6.62
5500 16.64 19.00 16.00 16.00 16.00 17.00 6.17
6000 17.45 19.00 17.00 17.00 17.00 18.00 3.94
6500 19.45 21.00 19.00 19.00 19.00 20.00 3.53
7000 20.73 22.00 20.00 20.00 21.00 21.00 3.79
7500 23.36 27.00 22.00 22.00 23.00 24.00 8.18
8000 24.73 34.00 23.00 23.00 24.00 25.00 12.93
8500 26.45 35.00 25.00 25.00 26.00 26.00 10.87
9000 26.82 28.00 26.00 26.00 27.00 27.00 2.80
9500 29.45 41.00 27.00 28.00 28.00 29.00 13.27
10000 29.91 31.00 29.00 29.00 30.00 31.00 3.16
