500 1.00 1.00 1.00 1.00 1.00 1.00 0.00
1000 2.82 3.00 2.00 3.00 3.00 3.00 14.35
1500 4.00 4.00 4.00 4.00 4.00 4.00 0.00
2000 5.73 6.00 5.00 5.00 6.00 6.00 8.16
2500 7.27 8.00 7.00 7.00 7.00 8.00 6.42
3000 8.73 11.00 8.00 8.00 9.00 9.00 10.36
3500 10.27 12.00 10.00 10.00 10.00 10.00 6.30
4000 11.82 13.00 11.00 11.00 12.00 12.00 5.10
4500 13.55 14.00 13.00 13.00 14.00 14.00 3.86
5000 14.73 15.00 14.00 14.00 15.00 15.00 3.17
5500 16.91 22.00 16.00 16.00 16.00 17.00 10.40
6000 17.82 22.00 17.00 17.00 17.00 18.00 8.26
6500 19.00 19.00 19.00 19.00 19.00 19.00 0.00
7000 20.82 22.00 20.00 20.00 21.00 22.00 4.20
7500 22.73 24.00 22.00 22.00 23.00 23.00 3.46
8000 24.00 25.00 23.00 24.00 24.00 24.00 2.64
8500 25.82 32.00 25.00 25.00 25.00 25.00 8.27
9000 28.27 43.00 26.00 26.00 27.00 28.00 17.48
9500 28.18 30.00 27.00 28.00 28.00 28.00 2.66
10000 32.00 44.00 29.00 29.00 31.00 31.00 14.79
