500 1.00 1.00 1.00 1.00 1.00 1.00 0.00
1000 2.00 2.00 2.00 2.00 2.00 2.00 0.00
1500 3.09 4.00 3.00 3.00 3.00 3.00 9.75
2000 4.09 5.00 4.00 4.00 4.00 4.00 7.37
2500 5.36 6.00 5.00 5.00 5.00 6.00 9.41
3000 6.82 8.00 6.00 6.00 7.00 7.00 8.84
3500 8.00 8.00 8.00 8.00 8.00 8.00 0.00
4000 9.09 10.00 9.00 9.00 9.00 9.00 3.32
4500 10.09 11.00 10.00 10.00 10.00 10.00 2.99
5000 11.18 12.00 11.00 11.00 11.00 11.00 3.62
5500 12.45 15.00 12.00 12.00 12.00 13.00 7.50
6000 13.18 14.00 13.00 13.00 13.00 13.00 3.07
6500 14.91 16.00 14.00 14.00 15.00 15.00 4.70
7000 16.36 19.00 15.00 16.00 16.00 17.00 6.28
7500 17.64 18.00 17.00 17.00 18.00 18.00 2.86
8000 18.55 19.00 18.00 18.00 19.00 19.00 2.82
8500 20.09 23.00 19.00 19.00 20.00 21.00 6.84
9000 20.18 21.00 20.00 20.00 20.00 20.00 2.00
9500 21.64 23.00 21.00 21.00 22.00 22.00 3.12
10000 23.64 31.00 22.00 22.00 23.00 24.00 10.75
